     0/299     6.87G   0.06589   0.01807  0.008288   0.09225         1      1280         0         0         0         0   0.05533   0.01486  0.008205
     1/299     6.77G   0.06031   0.01293  0.008289   0.08153         3      1280         0         0         0         0   0.05415   0.01147  0.008163
     2/299     6.77G   0.06064   0.01074  0.008615      0.08         7      1280         0         0         0         0   0.05327  0.009906  0.008154
     3/299     6.77G   0.05769   0.01104  0.008555   0.07729         4      1280         0         0         0         0   0.05299  0.008901  0.008084
     4/299     6.77G   0.05049  0.008132  0.007384     0.066         2      1280         0         0         0         0   0.05185  0.008429  0.008049
     5/299     6.77G   0.05864   0.00891  0.008405   0.07596         4      1280         0         0         0         0   0.05225   0.00766  0.008078
     6/299     6.77G   0.05841  0.008959  0.008256   0.07563         1      1280         0         0         0         0   0.05055  0.007503  0.007985
     7/299     6.77G   0.05463  0.007388   0.00772   0.06973         4      1280         0         0         0         0   0.04956  0.007464  0.007934
     8/299     6.77G   0.05549  0.007822   0.00819    0.0715         1      1280         0         0         0         0   0.04825  0.007403  0.007797
     9/299     6.77G   0.04705  0.006416  0.007028    0.0605         0      1280         0         0         0         0   0.04522  0.007472  0.007695
    10/299     6.77G   0.04499  0.007482  0.007208   0.05968         4      1280         0         0         0         0   0.04715  0.006991   0.00772
    11/299     6.77G   0.05265  0.008567   0.00819    0.0694         8      1280         0         0         0         0   0.04283  0.007538  0.007536
    12/299     6.77G   0.04445  0.009387   0.00755   0.06139         3      1280         0         0         0         0   0.04326  0.007543  0.007429
    13/299     6.77G   0.04442  0.006838  0.007194   0.05845         1      1280         0         0         0         0   0.04313  0.007323  0.007307
    14/299     6.77G   0.04319  0.007432  0.006938   0.05756         0      1280       0.1 0.0008772  0.005946  0.002275   0.03647  0.007063  0.007151
    15/299     6.77G   0.04504  0.007327  0.007743   0.06011         0      1280         0         0  0.002258 0.0008039   0.03683  0.007066  0.007194
    16/299     6.77G   0.04535   0.00957   0.00796   0.06288         1      1280       0.1 0.0005208   0.01987  0.004618   0.03505  0.006605  0.007004
    17/299     6.77G   0.04086  0.009038  0.007509   0.05741        20      1280       0.1 0.0005208   0.03289   0.01261    0.0335  0.006859  0.006954
    18/299     6.77G   0.03785  0.006613   0.00664    0.0511         5      1280         0         0   0.02493  0.007597   0.03676  0.006324  0.006937
    19/299     6.77G    0.0401  0.007382  0.007297   0.05478         1      1280       0.1 0.0005208   0.01573  0.005738    0.0312  0.006825  0.007008
    20/299     6.77G   0.03399   0.00587  0.006438    0.0463         3      1280         0         0   0.03101   0.00862   0.03542  0.006074  0.006822
    21/299     6.77G   0.03551  0.005722  0.006488   0.04772         4      1280    0.1227  0.001711   0.05978   0.02049   0.03094  0.006384  0.006559
    22/299     6.77G   0.04665    0.0074  0.008204   0.06226         1      1280    0.0218  0.004386   0.05049   0.01649   0.03241  0.005811  0.006529
    23/299     6.77G   0.04121  0.006441  0.007452   0.05511         4      1280       0.1 0.0008333   0.01657   0.00564   0.04476  0.005973  0.007008
    24/299     6.77G   0.03592  0.006805  0.006795   0.04952         2      1280   0.09027  0.006305   0.03829  0.009571   0.03765   0.00578   0.00657
    25/299     6.77G   0.03813  0.007552   0.00736   0.05304         1      1280    0.1066  0.002275   0.05444   0.01992    0.0366  0.007405  0.006594
    26/299     6.77G   0.03394  0.006437  0.006882   0.04725         4      1280    0.1133  0.004164   0.04516   0.01391    0.0347  0.007928  0.006383
    27/299     6.77G   0.03243  0.006025  0.006416   0.04487         2      1280    0.1128  0.003152   0.05579   0.01868   0.03522  0.008174  0.006362
    28/299     6.77G   0.03436    0.0059  0.006742     0.047         1      1280   0.09457    0.0159   0.08084   0.03128   0.02899  0.005845  0.006144
    29/299     6.77G   0.03481  0.005564  0.006695   0.04707         3      1280    0.0199 0.0008772    0.0537   0.02008   0.03395   0.01161  0.006452
    30/299     6.77G   0.02964  0.005757  0.006171   0.04157         1      1280   0.07471   0.03976   0.06153   0.02113   0.03253  0.005206  0.006123
    31/299     6.77G   0.03329  0.005625  0.006448   0.04536         1      1280    0.0202  0.003509   0.07729   0.03145   0.03103  0.005925  0.006333
    32/299     6.77G   0.03682    0.0056   0.00671   0.04913         0      1280   0.06334  0.001754    0.0795   0.03528   0.03034  0.005596  0.006353
    33/299     6.77G   0.03148  0.006253  0.006838   0.04457         1      1280   0.09047   0.04823   0.08333   0.03699   0.02514  0.005019  0.005947
    34/299     6.77G   0.03233  0.006432  0.006768   0.04553         0      1280   0.04865  0.009154   0.06559   0.02483    0.0375   0.00722  0.006254
    35/299     6.77G   0.02824  0.005842  0.005964   0.04005         1      1280   0.09456   0.03809   0.09373    0.0351   0.02886  0.006527  0.005775
    36/299     6.77G   0.02939  0.005272  0.005919   0.04058         2      1280    0.1032    0.1264    0.1177   0.04795   0.02654  0.004549  0.005574
    37/299     6.77G   0.02596  0.004533  0.005187   0.03568         0      1280   0.05493   0.03298     0.106   0.03572   0.02678  0.004244  0.005706
    38/299     6.77G   0.02805  0.004799  0.005737   0.03858         0      1280     0.096   0.09838    0.1073   0.05237   0.02443    0.0046  0.005623
    39/299     6.77G   0.02741  0.004632  0.005786   0.03782         4      1280    0.1744  0.009801    0.1101   0.05005   0.02507  0.004724  0.005771
    40/299     6.77G   0.02742  0.005057  0.005675   0.03815         0      1280    0.1985    0.1121    0.1154   0.05529   0.02387  0.004818  0.005528
    41/299     6.77G    0.0285   0.00586  0.006228   0.04059         3      1280    0.2095   0.07214    0.1106   0.04954   0.02488  0.006735  0.005509
    42/299     6.77G   0.02584  0.004356  0.004967   0.03516         1      1280    0.2069   0.05334    0.1068   0.05375   0.02529  0.006416  0.005611
    43/299     6.77G   0.02731  0.005267  0.005932   0.03851         8      1280    0.2267    0.1438    0.1369   0.05913   0.02307  0.004284  0.005361
    44/299     6.77G   0.02889  0.005397  0.006015   0.04031         0      1280    0.2076   0.06336    0.1036   0.04452   0.02905  0.008042  0.005498
    45/299     6.77G   0.03201  0.005163  0.005957   0.04314         0      1280    0.2031    0.1219    0.1381   0.05664   0.02252   0.00387  0.005355
    46/299     6.77G   0.02605   0.00435   0.00551   0.03591         1      1280    0.3134   0.09501    0.1314   0.05922   0.02243  0.004973  0.005345
    47/299     6.77G   0.02495  0.004506  0.005286   0.03475         3      1280    0.2007    0.1339    0.1483   0.06231   0.02387  0.004191  0.005173
    48/299     6.77G   0.02922  0.004282  0.006047   0.03954         2      1280    0.2011    0.1243    0.1569   0.07373   0.02143  0.003813  0.005174
    49/299     6.77G   0.02576  0.005169  0.005497   0.03643         5      1280     0.297   0.02355    0.1102   0.05368   0.02473   0.00925  0.005438
    50/299     6.77G    0.0265  0.005475  0.005628    0.0376         9      1280    0.1916     0.172    0.1654   0.07927   0.02208  0.003925  0.005119
    51/299     6.77G   0.02489  0.003823    0.0051   0.03382         4      1280    0.1932    0.1197    0.1693   0.07275   0.02295  0.003707  0.005234
    52/299     6.77G   0.02515  0.004374   0.00516   0.03469         2      1280    0.1843   0.04838    0.1297   0.06315   0.02388  0.007517  0.005316
    53/299     6.77G   0.02414  0.004533  0.005577   0.03425         8      1280   0.06775    0.0485   0.08015   0.03951   0.02902   0.02405  0.005372
