     0/299     9.58G   0.09254   0.01692   0.01199    0.1214         6      1600         0         0         0         0         0         0         0
     1/299     9.58G   0.08829   0.01188   0.01201    0.1122         4      1600         0         0         0         0         0         0         0
     2/299     9.58G    0.0865  0.009744   0.01184    0.1081         6      1600         0         0         0         0         0         0         0
     3/299     9.58G   0.08688  0.008159    0.0125    0.1075         4      1600         0         0         0         0         0         0         0
     4/299     9.58G   0.08393  0.007987   0.01235    0.1043         2      1600         0         0         0         0         0         0         0
     5/299     9.58G    0.0822  0.007308   0.01208    0.1016         2      1600         0         0         0         0         0         0         0
     6/299     9.58G   0.07958  0.006502   0.01179   0.09787         5      1600         0         0         0         0         0         0         0
     7/299     9.58G   0.07776  0.006767   0.01155   0.09607         3      1600         0         0         0         0         0         0         0
     8/299     9.58G   0.07793  0.006468   0.01142   0.09582         5      1600         0         0         0         0         0         0         0
     9/299     9.58G   0.07767  0.006368   0.01165   0.09569         7      1600         0         0         0         0         0         0         0
    10/299     9.58G   0.07445  0.006957   0.01109    0.0925         7      1600         0         0         0         0         0         0         0
    11/299     9.58G   0.07347  0.006103   0.01129   0.09087         6      1600         0         0         0         0         0         0         0
    12/299     9.58G   0.07029  0.006312   0.01078   0.08738         6      1600         0         0         0         0         0         0         0
    13/299     9.58G   0.07335  0.005189   0.01112   0.08966         5      1600         0         0         0         0         0         0         0
    14/299     9.58G   0.06931  0.007313   0.01104   0.08767        11      1600         0         0         0         0         0         0         0
    15/299     9.58G   0.06663  0.006131   0.01054   0.08329         3      1600         0         0         0         0         0         0         0
    16/299     9.58G   0.06506  0.007369   0.01074   0.08317        13      1600         0         0         0         0         0         0         0
    17/299     9.58G   0.06115    0.0073   0.01068   0.07913         3      1600         0         0         0         0         0         0         0
    18/299     9.58G   0.06208  0.006076   0.01053   0.07869         3      1600         0         0         0         0         0         0         0
    19/299     9.58G   0.06054  0.005867   0.01062   0.07704         4      1600         0         0         0         0         0         0         0
    20/299     9.58G   0.05454  0.006406  0.009756    0.0707         5      1600         0         0         0         0         0         0         0
    21/299     9.58G   0.05693  0.005862   0.01009   0.07289        13      1600         0         0         0         0         0         0         0
    22/299     9.58G   0.05738  0.006965    0.0102   0.07454         5      1600         0         0         0         0         0         0         0
    23/299     9.58G    0.0498  0.007569  0.009422   0.06679         3      1600         0         0         0         0         0         0         0
    24/299     9.58G   0.05149  0.005961  0.009957   0.06741         3      1600         0         0         0         0         0         0         0
    25/299     9.58G   0.05141  0.005964  0.009257   0.06663        23      1600         0         0         0         0         0         0         0
    26/299     9.58G   0.05077  0.006228  0.009508    0.0665         4      1600         0         0         0         0         0         0         0
    27/299     9.58G    0.0516   0.00559  0.009179   0.06637         3      1600         0         0         0         0         0         0         0
    28/299     9.58G    0.0507  0.005543  0.009307   0.06555         1      1600         0         0         0         0         0         0         0
    29/299     9.58G   0.04594  0.005676  0.008839   0.06045        12      1600         0         0         0         0         0         0         0
    30/299     9.58G   0.04519  0.005594  0.008686   0.05947        35      1600         0         0         0         0         0         0         0
