     0/299     8.75G   0.09063   0.01736   0.01163    0.1196         6      1440         0         0         0         0   0.08035   0.01443   0.01174
     1/299     8.04G   0.08423   0.01253   0.01154    0.1083         7      1440         0         0 1.729e-05 3.458e-06   0.08055   0.01091   0.01183
     2/299     8.04G   0.08392   0.01047   0.01167    0.1061         3      1440         0         0 7.912e-05 1.757e-05   0.07893  0.009209   0.01239
     3/299     8.04G    0.0825  0.008454   0.01146    0.1024         4      1440         0         0 1.504e-05 2.125e-06   0.08088  0.008129   0.01352
     4/299     8.04G   0.08376  0.007532   0.01118    0.1025         4      1440         0         0         0         0   0.07695  0.007738   0.01145
     5/299     8.04G   0.07662  0.007977   0.01065   0.09525         7      1440         0         0         0         0   0.07653  0.007334   0.01138
     6/299     8.04G   0.07526  0.007747    0.0109   0.09391         6      1440         0         0         0         0   0.07533  0.007049   0.01126
     7/299     8.04G   0.07766  0.008385   0.01125   0.09729        11      1440         0         0 5.814e-07 1.163e-07   0.08276  0.006925   0.01107
     8/299     8.04G   0.07197  0.008623   0.01058   0.09117        12      1440         0         0 0.0007821 7.939e-05    0.0729  0.006873   0.01114
     9/299     8.04G   0.07179  0.006996   0.01092    0.0897         3      1440         0         0  3.88e-05  8.06e-06   0.07061  0.006926   0.01094
    10/299     8.04G    0.0698  0.007705   0.01079    0.0883         4      1440       0.1  0.004762   0.00461 0.0004632   0.07075  0.006674   0.01091
    11/299     8.04G   0.06762    0.0077   0.01062   0.08594         5      1440         0         0 8.444e-05 1.286e-05   0.06599  0.006955   0.01069
    12/299     8.04G   0.06744  0.006999   0.01085   0.08529         5      1440         0         0 0.0008896 8.896e-05    0.0654  0.007374    0.0105
    13/299     8.04G   0.06469  0.007986   0.01049   0.08316         4      1440         0         0 2.941e-05 4.226e-06   0.06712  0.007252   0.01054
    14/299     8.04G    0.0622  0.007383   0.01041   0.07999         1      1440         0         0 0.0002379 2.571e-05    0.0626  0.006583   0.01016
    15/299     8.04G   0.05781  0.007409   0.01018    0.0754        34      1440         0         0 9.942e-05 2.349e-05   0.06093    0.0078   0.01031
    16/299     8.04G   0.05885   0.00731   0.01037   0.07653         4      1440         0         0  0.005183 0.0005944   0.05527  0.006834   0.01007
    17/299     8.04G   0.05626   0.00694  0.009841   0.07304         5      1440       0.1 0.0008772  0.007961  0.002235   0.05762  0.008699   0.00976
    18/299     8.04G    0.0522  0.007407  0.009319   0.06893        14      1440       0.1 0.0005208   0.01638   0.00644   0.05827  0.009659  0.009565
    19/299     8.04G   0.05018  0.006728  0.008961   0.06587         7      1440         0         0  0.000234 5.029e-05   0.05415  0.006815  0.009853
    20/299     8.04G    0.0516  0.007213  0.009802   0.06862         8      1440       0.2  0.001711   0.00841    0.0033    0.0548  0.007312  0.009703
    21/299     8.04G   0.05216  0.006637  0.009363   0.06816        10      1440       0.2  0.001398   0.01336  0.003606   0.05636  0.008983  0.009542
    22/299     8.04G   0.05355  0.007303  0.009536   0.07039        16      1440       0.2  0.001354   0.05044   0.01894   0.04568   0.00604   0.00927
    23/299     8.04G   0.04679  0.006512  0.008941   0.06225         3      1440       0.1 0.0005208   0.05019   0.01838   0.04504  0.006002  0.009225
    24/299     8.04G   0.04818  0.007405   0.00896   0.06454         3      1440       0.1 0.0008333   0.02766   0.01144   0.05252  0.006762   0.00924
    25/299     8.04G   0.04432  0.006641  0.008802   0.05976         1      1440    0.2195  0.002659   0.06634   0.01897   0.04346  0.005598  0.008793
    26/299     8.04G   0.04458  0.005654  0.008609   0.05885         1      1440    0.1038  0.002275   0.04126   0.01052   0.06088  0.009356  0.008888
    27/299     8.04G   0.04651  0.007022  0.008847   0.06238         4      1440    0.2373  0.003986   0.01742  0.005878   0.06683   0.02612  0.008977
    28/299     8.04G   0.04748  0.006379  0.008884   0.06274         6      1440       0.2  0.001354   0.07058   0.02873   0.04717  0.005805  0.008941
    29/299     8.04G   0.04012  0.005316  0.008073   0.05351        29      1440         0         0   0.05384   0.01394   0.05166  0.007266  0.008991
    30/299     8.04G   0.04267  0.005525  0.008366   0.05656         5      1440    0.2232   0.04824    0.1289   0.04593    0.0397  0.005632  0.008469
    31/299     8.04G   0.04265  0.005702  0.008144    0.0565         6      1440    0.2127   0.01947      0.11   0.03923   0.04052  0.004872  0.008511
    32/299     8.04G   0.04071  0.005804  0.008154   0.05467         1      1440    0.1012   0.07208   0.09991   0.04387   0.04065  0.005161  0.008443
    33/299     8.04G   0.03998  0.005286  0.008299   0.05356         4      1440   0.09854   0.06848    0.1048   0.04596   0.03897  0.004701  0.008247
    34/299     8.04G   0.03881  0.004949  0.008182   0.05195        16      1440       0.3  0.002231   0.06879   0.03027   0.05215  0.008502  0.009036
    35/299     8.04G   0.03941    0.0058  0.008161   0.05337         5      1440    0.1526   0.03087    0.1047   0.04854   0.03828    0.0046  0.008181
    36/299     8.04G   0.03772  0.005166  0.007741   0.05062         3      1440    0.1031   0.06457   0.09875   0.04121    0.0404  0.005038   0.00824
    37/299     8.04G   0.03607  0.004455  0.007712   0.04823         6      1440    0.2077    0.0175    0.1179   0.04866   0.04332  0.008931  0.008254
    38/299     8.04G    0.0424   0.00592  0.008281    0.0566        17      1440       0.3  0.006116    0.1305   0.06133   0.03793  0.004373  0.008178
    39/299     8.04G   0.03832  0.005048  0.007908   0.05128         2      1440    0.2487   0.04808    0.1242   0.05618   0.03599  0.004374  0.008049
    40/299     8.04G    0.0376  0.005083   0.00788   0.05056         0      1440       0.2  0.006286   0.02787   0.01153   0.07273   0.02268  0.008616
    41/299     8.04G   0.03888  0.004557  0.007945   0.05138         6      1440    0.2014   0.08743    0.1198    0.0519   0.04161  0.005742  0.007942
    42/299     8.04G   0.03804  0.004617  0.007706   0.05037         3      1440    0.1138   0.02076    0.1238   0.05922   0.03823  0.005309  0.008022
    43/299     8.04G   0.03917  0.004824  0.007902   0.05189         4      1440    0.2024      0.12    0.1286   0.06043   0.03723   0.00434  0.007668
    44/299     8.04G   0.03754  0.004755  0.007775   0.05007         3      1440    0.1901  0.005135    0.1228   0.06573   0.03287  0.004287  0.007766
    45/299     8.04G    0.0335  0.004199  0.007403    0.0451         5      1440    0.1064    0.1155    0.1231   0.05555   0.04253  0.006326  0.007691
    46/299     8.04G   0.03651  0.004351  0.007733   0.04859         5      1440     0.102   0.08271   0.06804   0.03357   0.05577   0.01427  0.008267
    47/299     8.04G   0.03692  0.004703  0.007494   0.04911         3      1440    0.1083    0.1109    0.1093   0.03838   0.04019  0.005005  0.007587
    48/299     8.04G   0.03783   0.00448  0.007678   0.04998         1      1440    0.1122   0.09286   0.09839   0.05074   0.04484    0.0101  0.007868
    49/299     8.04G   0.03485  0.004526  0.007196   0.04657         5      1440    0.2316   0.04428    0.1379   0.07531   0.03343  0.004202  0.007481
    50/299     8.04G   0.03687  0.004569  0.007741   0.04918         5      1440     0.122    0.1555    0.1232   0.06428   0.03649  0.005333  0.007419
    51/299     8.04G   0.03419  0.004015  0.007208   0.04541         6      1440    0.1162   0.08935    0.0988   0.04735    0.0474  0.007297  0.007651
    52/299     8.04G   0.03364  0.004565  0.007053   0.04526         6      1440    0.2478    0.1031    0.1582    0.0851   0.03282  0.003626  0.007315
    53/299     8.04G   0.03404  0.004406  0.007134   0.04558         2      1440    0.2123    0.2023    0.1399   0.07675   0.03265  0.003799  0.007197
    54/299     8.04G   0.03355  0.004092  0.007489   0.04513         2      1440    0.2433    0.1207    0.1469   0.08508    0.0312  0.003542  0.007242
    55/299     8.04G   0.03302   0.00428  0.006893   0.04419         4      1440    0.2111    0.1919    0.1462   0.07201   0.03236  0.003708  0.007168
    56/299     8.04G   0.03309  0.004233  0.007029   0.04435         3      1440    0.1327   0.06193    0.1176   0.06369   0.03549  0.008585  0.007408
    57/299     8.04G   0.03276  0.003772  0.007177   0.04371        11      1440    0.1041    0.1731    0.1472   0.07675   0.03269  0.004423  0.007166
    58/299     8.04G   0.02896  0.004316  0.006771   0.04005         5      1440    0.1133    0.2046    0.1405   0.07528   0.03263  0.007648  0.007073
    59/299     8.04G   0.03028  0.003774  0.006856   0.04091         4      1440    0.1181    0.2116    0.1481   0.08076   0.03182   0.00482  0.007027
    60/299     8.04G   0.03319  0.003983   0.00755   0.04472         4      1440    0.1333      0.18    0.1431   0.07781   0.03012  0.004741  0.007035
    61/299     8.04G   0.03316  0.004168  0.007099   0.04443         6      1440    0.4015    0.1198    0.1744   0.09315   0.03085  0.004518  0.007094
    62/299     8.04G   0.03084  0.003932  0.006898   0.04167         1      1440    0.3417    0.1167    0.1557   0.08418   0.03154   0.00481  0.007043
    63/299     8.04G   0.03151  0.004165  0.006685   0.04236        19      1440    0.2237    0.2167    0.1946    0.1028   0.02875  0.003344  0.006792
    64/299     8.04G   0.03342  0.004064  0.007257   0.04474         7      1440    0.3083    0.1626    0.1402   0.06716   0.03726  0.007992  0.007141
    65/299     8.04G   0.03513   0.00372  0.007075   0.04593         9      1440    0.2528    0.1568    0.1479   0.07396    0.0302  0.003958  0.006865
    66/299     8.04G    0.0309  0.003906   0.00703   0.04183         9      1440    0.2671    0.1032    0.1949     0.105    0.0291  0.003327  0.006905
    67/299     8.04G   0.03205  0.003964  0.007093   0.04311         2      1440    0.2131    0.2118    0.1736   0.09671   0.03015  0.003832  0.006771
    68/299     8.04G   0.03177  0.003903  0.007126    0.0428         5      1440    0.1094    0.2254    0.1981    0.1159    0.0271  0.003182  0.006776
    69/299     8.04G   0.02871  0.003918  0.006718   0.03935         8      1440    0.2028    0.2493    0.2173    0.1293   0.02845  0.002983  0.006662
    70/299     8.04G   0.02875  0.003169  0.006594   0.03852         6      1440    0.2389    0.2136    0.2143    0.1272   0.02851  0.003267  0.006661
    71/299     8.04G   0.03012  0.004147  0.006618   0.04088         4      1440     0.223    0.2065    0.1748   0.09104   0.03483  0.003803  0.006749
    72/299     8.04G   0.03047  0.003777  0.006303   0.04055         4      1440    0.3528    0.2032    0.2049    0.1209   0.02779  0.003673  0.006822
    73/299     8.04G   0.02816  0.003921  0.006556   0.03863        11      1440    0.2693    0.2629    0.1982     0.111   0.02799  0.003818  0.006756
    74/299     8.04G   0.02892  0.003634  0.006655   0.03921         8      1440    0.2321    0.2027    0.2096    0.1239   0.02584  0.003037  0.006751
    75/299     8.04G   0.02836  0.003798  0.006583   0.03874         9      1440    0.2129    0.1945    0.1669   0.09829   0.02673   0.00367  0.006759
    76/299     8.04G   0.02873  0.003588  0.006545   0.03886         3      1440    0.2093    0.1964    0.1854    0.1061    0.0278  0.003478  0.006735
    77/299     8.04G   0.02748   0.00348  0.006539    0.0375         5      1440    0.2425    0.1519    0.1383   0.07732   0.03423   0.01279  0.006911
